xaxis	Pop1.mean	Pop1.se	Pop2.mean	Pop2.se	Pop3.mean	Pop3.se
100	64.0409540496	1.66052542333333	64.2603474348551	2.47343888674463	59.0046320505647	1.31660593034716
200	108.4595006864	3.02645622293334	107.816987149154	4.91270926163086	98.7323365824368	2.37301449653024
300	145.4398971456	4.29363131601	144.882491966597	6.93247203774462	132.405548632217	3.28319717636349
400	180.1618912784	5.10784064912334	178.198685941447	8.88852802858515	161.851226122848	4.11654360958983
500	210.0936692736	5.91364267483334	208.851858714955	10.3170194763178	189.732554293902	4.75602665414192
600	238.38703616	6.95506078201	236.154394595072	12.1775945908456	215.644087603549	5.50767256479677
700	265.182225	7.76107911488334	263.638102204599	13.7672947248171	239.596809762103	6.12924924979569
800	292.15014464	8.67252604519333	288.540338714959	15.317149309464	263.178822739501	6.69007447360733
900	315.575844	9.55548960584	313.498431124486	16.3743683228063	284.628462282715	7.45993258740992
1000	340.0969513536	10.0834436446667	336.907922714962	18.1478802231868	307.142517698005	8.0666259817857
1100	363.1831160384	11.3970400161999	361.118164545537	19.6460546247560	326.69630994222	8.48871827599879
1200	386.4229031936	11.8863048969334	379.485975445644	20.4291076284735	347.118288892435	8.9950931543411
1300	407.0256355856	12.4640329051	403.026042175026	22.2727116470116	367.65605025	9.58341026763362
1400	429.3597470736	13.2013670827335	422.648627592855	23.2756685905272	386.355831612485	10.2782729172281
1500	448.5681925184	13.8366979617332	446.255549808693	24.8813371829233	405.417093163957	10.8061025301899
1600	468.57163716	14.5324547340334	463.31820687229	25.3325775804323	422.660008978124	11.3340696524901
1700	488.5989708864	15.2806988518001	485.506593728072	26.7838124703494	442.014711695641	11.7024357749026
1800	506.6227959824	15.7662551095333	502.653528224319	28.3375292085291	458.392331748151	12.2939576337389
1900	527.99273984	16.4096558673666	522.568909695059	29.6000970377429	475.696757897392	12.8394424428464
2000	545.1502450944	17.1398551246335	540.518272379269	30.3083521452407	490.572987070232	13.1656882945176
2100	562.4846096784	17.6247119399332	557.513742938593	31.3470092577557	509.11144460913	13.6079980730270
2200	581.29348836	18.0397257292334	575.490524169209	32.6801555664814	523.78722684274	14.1311333786310
2300	597.6615760896	18.7030915184333	592.033089266045	33.7915947741949	540.68950177897	14.3769859609899
2400	616.2877146384	19.0303753004335	608.649369805566	34.7153937366226	556.605811703776	15.1415512929300
2500	632.1170427024	19.8839312732667	624.927685318677	35.7139416364737	570.21269025	15.3494255748216
2600	649.7956188416	20.3411640562665	643.986552121352	36.0752145872967	587.6125258728	15.8561037313358
2700	666.7990914624	20.8977579735667	660.096638227679	37.1894478895826	603.070479781633	16.3528030228691
2800	682.4401081344	21.2620836751998	676.64537985926	38.5067869417548	618.86095521346	16.4713722051020
2900	699.7847608896	21.6832526282002	691.922903116581	39.4047148137012	632.196101579699	16.9369361979535
3000	713.93751056	22.2936089400667	707.553032963452	40.2356422305138	647.844847801601	17.5704033241299
3100	730.1990378256	23.0389214264669	723.382696077204	41.3813445258523	660.206109979005	17.7919266208017
3200	746.0184443456	23.2460704464001	742.463291136034	42.3671615540223	675.399610994875	18.0521385015552
3300	761.6526143744	23.9943058675002	756.252042282729	42.8299804432986	690.162814961278	18.3328160024561
3400	777.0678786624	24.4745275709335	769.805200676382	44.0331949005478	703.702991068716	19.0197022935865
3500	794.5487713856	24.8627572509999	786.88580503017	45.415548262069	717.34050362974	19.4002735361197
3600	809.1762471936	25.3206799255998	800.5932111491	46.2811752993316	731.398902787157	19.8042126388633
3700	823.2365621504	25.8561454734669	815.953424941404	46.9086149024889	744.543529221367	20.1584069916009
3800	838.0014671936	25.9726484064000	830.031030703419	48.2411838166539	757.65175202457	20.2214949456428
3900	852.6323396864	26.7682627193002	846.03793605528	48.6753502950206	770.247625374834	20.8595174734291
4000	866.29719204	27.3919459532002	858.891835371069	49.4561592780433	783.721272055551	20.9862355471073
4100	881.1573411984	27.8327077250332	875.830172010836	50.4281669908958	798.818522748252	21.4831180840721
4200	894.1949744784	28.1638139243333	888.379590570147	51.5371315881648	810.215662119053	21.9347633003524
4300	911.611281	28.5145381738664	902.941522438226	51.9161923305142	823.179643053385	22.1472891828895
4400	923.8601093376	29.1040821867002	916.599387047522	53.0659456759566	837.83203526379	22.4874214898705
4500	938.7621897216	29.2821949263001	929.853060265805	53.2172205419061	850.81336909744	22.8631877023570
4600	949.3679489424	30.0915211010002	944.825001662359	54.6628812126128	861.329477579579	23.2013392053797
4700	965.86528656	30.3703743129333	956.8891587835	54.8242078572982	873.200808963439	23.4691048581482
4800	979.3387582464	30.7081977095999	967.38124106642	56.1272704374023	886.854053100152	23.9427277115026
4900	990.8103422864	30.8742531871999	983.695890182453	57.1402183330095	898.773401	23.9940702546065
5000	1003.9012229376	31.9399263315333	996.736587150082	57.7483701091694	910.37865504212	24.3743206727489
5100	1017.5005445904	31.9649493837334	1009.21547134657	58.9551925912976	924.4856808008	24.6970530900254
5200	1032.97094544	32.912409307	1023.16597606869	59.1266559334675	934.080285263912	25.0451261037422
5300	1046.5407520656	33.2374193625001	1035.33512804753	60.1087866769611	946.425333963433	25.0585193384748
5400	1058.480409	32.9024127024999	1048.72912357114	60.2447629265947	957.446189476578	25.8573716462707
5500	1071.2002306304	33.7025791126332	1063.21026482026	61.2461249740258	970.065652752905	25.9620616255086
5600	1083.12382464	33.9047017832666	1074.63641143711	61.8590343617256	982.25774517004	26.2868901206632
5700	1098.8816868624	34.4730260993666	1086.20061764241	63.1936659290517	994.026321662245	26.4398369797820
5800	1109.8611436944	34.7675403883	1098.36439634594	63.2521927228443	1006.43492449899	26.7197965523153
5900	1124.2615393856	35.6931042562	1114.07900146348	64.8633196096775	1015.72538367395	27.0105801481432
6000	1138.2176951696	35.9382346162333	1124.401209	65.0672458518635	1030.04528540279	27.4754437062614
6100	1145.8023650304	35.8735938739666	1138.88337838891	65.5893239517943	1040.53811112447	27.7028752693124
6200	1158.5610348816	37.0456250263998	1150.43648134517	66.0779795073177	1051.58284449899	27.7906166662543
6300	1172.2678885776	36.2999591045998	1162.81692356873	67.1718430957703	1061.56419502455	28.2347519439997
6400	1185.4272675984	37.0468700566670	1174.13994193864	67.9173209572839	1072.01879424068	28.595743375031
6500	1198.63450896	37.5304568688664	1189.96141921585	68.7092935231782	1083.71740044636	29.1490305753090
6600	1208.0889790464	37.7148291198003	1197.17121908886	68.7232911185148	1094.95860831642	29.1086672304773
6700	1222.952256	38.3970175257997	1209.08565775410	69.9773940657942	1107.34900988453	29.3223807941159
6800	1233.6157150224	38.5959369580331	1223.59455738568	70.2795252119263	1117.63944961605	29.8474561287734
6900	1243.9028137536	38.9894910744670	1232.03954438395	70.9946180196103	1126.61955359453	29.7910111284289
7000	1258.0774259856	39.592671927	1247.04425596360	71.7306754367988	1137.51829813464	30.0883002766689
7100	1268.609321	39.9516279825332	1257.57385353167	72.837253821802	1148.38252971359	30.4937469460228
7200	1281.4677604496	40.3873660429	1271.82161923093	73.0690418324848	1160.11944852873	30.5678392068289
7300	1292.7171518016	40.2370081664332	1284.39309296287	73.5563205472226	1170.10857675241	30.7426851735256
7400	1306.5889099536	40.9718833625337	1293.77545107727	74.7315297644372	1180.98940028362	30.9136515870474
7500	1316.5262262416	41.4636902479000	1306.44837069970	75.2354762353203	1191.92790258177	31.4857021489707
7600	1330.2186143376	41.4823959898665	1317.25615242122	76.4201358982085	1203.70257011060	31.7975685180322
7700	1340.1222584384	42.1262460763334	1326.7377393404	75.7919767028211	1212.08970894975	31.9212916533644
7800	1353.3900474624	42.0151681049664	1342.85797957259	77.0342287462192	1222.59259142639	32.0880105439384
7900	1361.9662238784	42.5536576233669	1351.56118826331	77.593036679645	1233.332201	32.5899769740053
8000	1374.5495769744	43.1678229137332	1363.00849385842	78.2108769264412	1241.74636372136	32.4737223471387
8100	1384.3009197056	43.7175730218336	1374.95110606895	78.5089157935934	1254.49985105203	32.9052682531319
8200	1395.6122522256	44.0402499711665	1383.67088080580	79.1467575471202	1263.41243484936	33.1770311725124
8300	1407.6451245456	44.0907476999999	1394.34461141223	80.125849950633	1273.81625930854	33.2191555829527
8400	1418.6798724096	44.5744978946335	1405.28295459623	80.3928810597114	1283.4801	33.6213687280427
8500	1431.7063390224	45.1869452013662	1420.512996	81.1836201843077	1293.21464558907	34.0113551715406
8600	1439.5054796304	45.3508962520669	1428.44591457671	81.860159703596	1302.74423983483	33.9119726069891
8700	1453.3360453136	45.3055014288335	1440.33059158436	82.4076681299777	1311.8276	34.2379525691504
8800	1464.36455424	45.9394951256000	1450.63193221594	82.5436202585367	1321.04217044435	34.5686981028646
8900	1474.57115364	46.3244192398336	1462.84828028345	83.3163253067268	1332.47339073623	34.8160416155191
9000	1485.22013796	46.5134701760335	1474.73175206515	83.9616916970861	1342.84166621773	35.1907238603959
9100	1496.4497775504	46.5999379187004	1483.73575734537	84.6804695198449	1351.21496128352	35.3341471745031
9200	1506.02916624	47.4842599559331	1493.74772043745	85.17815955276	1362.99213778886	35.411441108195
9300	1517.9523367824	47.4287952529663	1504.098623158	85.8131043173637	1371.18758760215	35.6886914455752
9400	1527.0396042816	47.8266790302999	1515.376689	86.3293880626226	1381.48018127832	36.0198247514056
9500	1539.9193633296	48.1535595364003	1525.93589480676	86.6489035377628	1390.141641	36.0234910585474
9600	1551.1646495376	48.2889544613331	1537.33828842650	87.2127469175954	1399.76256422070	36.4897353725104
9700	1562.0788421136	48.5869654603004	1546.41958427567	88.1660529511145	1409.26373896371	36.5959365380722
9800	1572.2214908816	49.078447201033	1559.06469536212	88.6893982534012	1419.58372749703	36.8025445476879
9900	1580.37333284	49.2552879688001	1569.58042433308	89.1753354166905	1426.82636772949	36.8478963363451
10000	1593.0667653264	49.7756965537664	1582.79970504634	89.889524854879	1437.13647205584	37.2066774381290
